spawns:
  default:
    world: 4eaf2ddd-2f85-4063-948d-b83aee6449b6
    world-name: world
    x: 185.62440184809012
    y: 140.0
    z: 443.364282013446
    yaw: -181.1594696044922
    pitch: 5.064178466796875
